%YAML:1.0
---
model_type: MEI
camera_name: camera
image_width: 752
image_height: 480
mirror_parameters:
   xi: 3.6313355285286337e+00
distortion_parameters:
   k1: 1.1757726639872075e+00
   k2: 1.5491281051140213e+01
   p1: -8.1237172954550494e-04
   p2: 6.7297684030310243e-04
projection_parameters:
   # 修改分辨率到1080p
   # gamma1: 2.1387619122017772e+03
   # gamma2: 2.1315886210259278e+03
   # u0: 3.6119856633263799e+02
   # v0: 2.4827644773395667e+02
   gamma1: 4.812214302453999e+03
   gamma2: 4.796074397308337e+03
   u0: 8.126967742484355e+02
   v0: 5.586220074014024e+02